{
   "configuration" : {
      "default_parameters" : {
         "absolute_regularization" : 0.10000000149011612,
         "covariance_mode" : 0,
         "gaussians" : 3,
         "relative_regularization" : 0.10000000149011612
      },
      "multiClass_regression_estimator" : 0,
      "multithreading" : 2
   },
   "models" : [
      {
         "components" : [
            {
               "bimodal" : false,
               "covariance" : [
                  0.10000774940896728,
                  -2.6332252758353653e-05,
                  -3.848275366596315e-05,
                  -2.6332252758353653e-05,
                  0.10012416625651611,
                  0.0001296667062793904,
                  -3.848275366596315e-05,
                  0.0001296667062793904,
                  0.10019361161075659
               ],
               "covariance_determinant" : 0.0010032560242485651,
               "covariance_determinant_input" : 0,
               "covariance_mode" : 0,
               "dimension" : 3,
               "dimension_input" : 0,
               "inverse_covariance" : [
                  9.9992272867887806,
                  0.0026247872030100089,
                  0.003837145371201456,
                  0.0026247872030100085,
                  9.9876162008901481,
                  -0.012924579386793165,
                  0.0038371453712014556,
                  -0.012924579386793165,
                  9.9806944522219521
               ],
               "inverse_covariance_input" : [],
               "mean" : [ 0.22627976288398108, 0.17767162496844927, -0.0092221101125081386 ],
               "output_covariance" : []
            },
            {
               "bimodal" : false,
               "covariance" : [
                  0.10000774940896728,
                  -2.6332252758353653e-05,
                  -3.848275366596315e-05,
                  -2.6332252758353653e-05,
                  0.10012416625651611,
                  0.00012966670627939043,
                  -3.848275366596315e-05,
                  0.00012966670627939043,
                  0.10019361161075659
               ],
               "covariance_determinant" : 0.0010032560242485651,
               "covariance_determinant_input" : 0,
               "covariance_mode" : 0,
               "dimension" : 3,
               "dimension_input" : 0,
               "inverse_covariance" : [
                  9.9992272867887806,
                  0.0026247872030100089,
                  0.003837145371201456,
                  0.0026247872030100085,
                  9.9876162008901481,
                  -0.012924579386793167,
                  0.0038371453712014556,
                  -0.012924579386793167,
                  9.9806944522219521
               ],
               "inverse_covariance_input" : [],
               "mean" : [ 0.22627976288398108, 0.17767162496844927, -0.0092221101125081386 ],
               "output_covariance" : []
            },
            {
               "bimodal" : false,
               "covariance" : [
                  0.10000774940896728,
                  -2.6332252758353653e-05,
                  -3.848275366596315e-05,
                  -2.6332252758353653e-05,
                  0.10012416625651611,
                  0.00012966670627939043,
                  -3.848275366596315e-05,
                  0.00012966670627939043,
                  0.10019361161075659
               ],
               "covariance_determinant" : 0.0010032560242485651,
               "covariance_determinant_input" : 0,
               "covariance_mode" : 0,
               "dimension" : 3,
               "dimension_input" : 0,
               "inverse_covariance" : [
                  9.9992272867887806,
                  0.0026247872030100089,
                  0.003837145371201456,
                  0.0026247872030100085,
                  9.9876162008901481,
                  -0.012924579386793167,
                  0.0038371453712014556,
                  -0.012924579386793167,
                  9.9806944522219521
               ],
               "inverse_covariance_input" : [],
               "mean" : [ 0.22627976288398108, 0.17767162496844927, -0.0092221101125081386 ],
               "output_covariance" : []
            }
         ],
         "label" : "1",
         "mixture_coeffs" : [ 0.33311402797698975, 0.332999587059021, 0.33388638496398926 ],
         "parameters" : {
            "absolute_regularization" : 0.10000000149011612,
            "covariance_mode" : 0,
            "gaussians" : 3,
            "relative_regularization" : 0.10000000149011612
         }
      },
      {
         "components" : [
            {
               "bimodal" : false,
               "covariance" : [
                  0.1000083045150479,
                  -1.6726839092185545e-06,
                  -1.3998940018218922e-05,
                  -1.6726839092185545e-06,
                  0.10003851944477021,
                  3.775271869786286e-05,
                  -1.3998940018218922e-05,
                  3.775271869786286e-05,
                  0.10006403012080048
               ],
               "covariance_determinant" : 0.0010011087102081873,
               "covariance_determinant_input" : 0,
               "covariance_mode" : 0,
               "dimension" : 3,
               "dimension_input" : 0,
               "inverse_covariance" : [
                  9.9991698160455549,
                  0.00016666221493103449,
                  0.0013988191997275239,
                  0.00016666221493103454,
                  9.9961509647364331,
                  -0.0037713806038306708,
                  0.0013988191997275244,
                  -0.0037713806038306703,
                  9.9936027037350499
               ],
               "inverse_covariance_input" : [],
               "mean" : [ 0.15027472589697158, 0.24588523592267716, 0.37668662411825998 ],
               "output_covariance" : []
            },
            {
               "bimodal" : false,
               "covariance" : [
                  0.1000083045150479,
                  -1.6726839092185547e-06,
                  -1.3998940018218922e-05,
                  -1.6726839092185547e-06,
                  0.10003851944477021,
                  3.7752718697862874e-05,
                  -1.3998940018218922e-05,
                  3.7752718697862874e-05,
                  0.10006403012080048
               ],
               "covariance_determinant" : 0.0010011087102081873,
               "covariance_determinant_input" : 0,
               "covariance_mode" : 0,
               "dimension" : 3,
               "dimension_input" : 0,
               "inverse_covariance" : [
                  9.9991698160455549,
                  0.00016666221493103452,
                  0.0013988191997275239,
                  0.00016666221493103454,
                  9.9961509647364331,
                  -0.0037713806038306716,
                  0.0013988191997275244,
                  -0.0037713806038306716,
                  9.9936027037350499
               ],
               "inverse_covariance_input" : [],
               "mean" : [ 0.15027472589697158, 0.24588523592267716, 0.37668662411825998 ],
               "output_covariance" : []
            },
            {
               "bimodal" : false,
               "covariance" : [
                  0.1000083045150479,
                  -1.6726839092185538e-06,
                  -1.399894001821892e-05,
                  -1.6726839092185538e-06,
                  0.10003851944477021,
                  3.7752718697862867e-05,
                  -1.399894001821892e-05,
                  3.7752718697862867e-05,
                  0.10006403012080048
               ],
               "covariance_determinant" : 0.0010011087102081873,
               "covariance_determinant_input" : 0,
               "covariance_mode" : 0,
               "dimension" : 3,
               "dimension_input" : 0,
               "inverse_covariance" : [
                  9.9991698160455549,
                  0.00016666221493103446,
                  0.0013988191997275239,
                  0.00016666221493103446,
                  9.9961509647364331,
                  -0.0037713806038306712,
                  0.0013988191997275239,
                  -0.0037713806038306712,
                  9.9936027037350499
               ],
               "inverse_covariance_input" : [],
               "mean" : [ 0.15027472589697158, 0.24588523592267716, 0.37668662411825998 ],
               "output_covariance" : []
            }
         ],
         "label" : "2",
         "mixture_coeffs" : [ 0.33301857113838196, 0.33351683616638184, 0.33346459269523621 ],
         "parameters" : {
            "absolute_regularization" : 0.10000000149011612,
            "covariance_mode" : 0,
            "gaussians" : 3,
            "relative_regularization" : 0.10000000149011612
         }
      },
      {
         "components" : [
            {
               "bimodal" : false,
               "covariance" : [
                  0.10002148672109232,
                  7.5090888127083799e-06,
                  -4.6082090427675951e-05,
                  7.5090888127083799e-06,
                  0.10005010632955569,
                  -3.6170416563571432e-05,
                  -4.6082090427675951e-05,
                  -3.6170416563571432e-05,
                  0.10025674166002572
               ],
               "covariance_determinant" : 0.0010032849441886807,
               "covariance_determinant_input" : 0,
               "covariance_mode" : 0,
               "dimension" : 3,
               "dimension_input" : 0,
               "inverse_covariance" : [
                  9.9978539627670671,
                  -0.0007487104965962063,
                  0.0045951516236844812,
                  -0.0007487104965962063,
                  9.9949932361422213,
                  0.0036056285170562954,
                  0.0045951516236844821,
                  0.0036056285170562954,
                  9.9743949944265662
               ],
               "inverse_covariance_input" : [],
               "mean" : [ 0.21999163060419022, 0.63101363758887019, 0.50118015658470894 ],
               "output_covariance" : []
            },
            {
               "bimodal" : false,
               "covariance" : [
                  0.10002148672109232,
                  7.5090888127083816e-06,
                  -4.6082090427675937e-05,
                  7.5090888127083816e-06,
                  0.10005010632955569,
                  -3.6170416563571439e-05,
                  -4.6082090427675937e-05,
                  -3.6170416563571439e-05,
                  0.10025674166002572
               ],
               "covariance_determinant" : 0.0010032849441886807,
               "covariance_determinant_input" : 0,
               "covariance_mode" : 0,
               "dimension" : 3,
               "dimension_input" : 0,
               "inverse_covariance" : [
                  9.9978539627670671,
                  -0.00074871049659620641,
                  0.0045951516236844804,
                  -0.00074871049659620641,
                  9.9949932361422213,
                  0.0036056285170562958,
                  0.0045951516236844804,
                  0.0036056285170562958,
                  9.9743949944265662
               ],
               "inverse_covariance_input" : [],
               "mean" : [ 0.21999163060419022, 0.63101363758887019, 0.50118015658470894 ],
               "output_covariance" : []
            },
            {
               "bimodal" : false,
               "covariance" : [
                  0.10002148672109232,
                  7.5090888127083757e-06,
                  -4.6082090427675944e-05,
                  7.5090888127083757e-06,
                  0.10005010632955569,
                  -3.6170416563571426e-05,
                  -4.6082090427675944e-05,
                  -3.6170416563571426e-05,
                  0.10025674166002572
               ],
               "covariance_determinant" : 0.0010032849441886807,
               "covariance_determinant_input" : 0,
               "covariance_mode" : 0,
               "dimension" : 3,
               "dimension_input" : 0,
               "inverse_covariance" : [
                  9.9978539627670671,
                  -0.00074871049659620587,
                  0.0045951516236844812,
                  -0.00074871049659620587,
                  9.9949932361422213,
                  0.0036056285170562945,
                  0.0045951516236844821,
                  0.003605628517056295,
                  9.9743949944265662
               ],
               "inverse_covariance_input" : [],
               "mean" : [ 0.21999163060419022, 0.63101363758887019, 0.50118015658470894 ],
               "output_covariance" : []
            }
         ],
         "label" : "3",
         "mixture_coeffs" : [ 0.33154472708702087, 0.33404910564422607, 0.33440616726875305 ],
         "parameters" : {
            "absolute_regularization" : 0.10000000149011612,
            "covariance_mode" : 0,
            "gaussians" : 3,
            "relative_regularization" : 0.10000000149011612
         }
      },
      {
         "components" : [
            {
               "bimodal" : false,
               "covariance" : [
                  0.10001404435413294,
                  5.5481811811919376e-06,
                  -2.6250776746721272e-05,
                  5.5481811811919376e-06,
                  0.10001368770316307,
                  -1.811280468544397e-06,
                  -2.6250776746721272e-05,
                  -1.811280468544397e-06,
                  0.10019630069320598
               ],
               "covariance_determinant" : 0.0010022408188168318,
               "covariance_determinant_input" : 0,
               "covariance_mode" : 0,
               "dimension" : 3,
               "dimension_input" : 0,
               "inverse_covariance" : [
                  9.9985964801272118,
                  -0.00055461688645658432,
                  0.0026195569856146991,
                  -0.00055461688645658421,
                  9.9986314510489898,
                  0.00018060314213396347,
                  0.0026195569856146991,
                  0.00018060314213396347,
                  9.9804090787189672
               ],
               "inverse_covariance_input" : [],
               "mean" : [ 0.37276200652122499, 0.44733515381813049, 0.39071575403213499 ],
               "output_covariance" : []
            },
            {
               "bimodal" : false,
               "covariance" : [
                  0.10001404435413294,
                  5.5481811811919367e-06,
                  -2.6250776746721268e-05,
                  5.5481811811919367e-06,
                  0.10001368770316307,
                  -1.8112804685443951e-06,
                  -2.6250776746721268e-05,
                  -1.8112804685443951e-06,
                  0.10019630069320598
               ],
               "covariance_determinant" : 0.0010022408188168318,
               "covariance_determinant_input" : 0,
               "covariance_mode" : 0,
               "dimension" : 3,
               "dimension_input" : 0,
               "inverse_covariance" : [
                  9.9985964801272118,
                  -0.00055461688645658421,
                  0.0026195569856146987,
                  -0.0005546168864565841,
                  9.9986314510489898,
                  0.00018060314213396328,
                  0.0026195569856146987,
                  0.00018060314213396331,
                  9.9804090787189672
               ],
               "inverse_covariance_input" : [],
               "mean" : [ 0.37276200652122499, 0.44733515381813049, 0.39071575403213499 ],
               "output_covariance" : []
            },
            {
               "bimodal" : false,
               "covariance" : [
                  0.10001404435413294,
                  5.5481811811919376e-06,
                  -2.6250776746721272e-05,
                  5.5481811811919376e-06,
                  0.10001368770316307,
                  -1.8112804685443961e-06,
                  -2.6250776746721272e-05,
                  -1.8112804685443961e-06,
                  0.10019630069320598
               ],
               "covariance_determinant" : 0.0010022408188168318,
               "covariance_determinant_input" : 0,
               "covariance_mode" : 0,
               "dimension" : 3,
               "dimension_input" : 0,
               "inverse_covariance" : [
                  9.9985964801272118,
                  -0.00055461688645658432,
                  0.0026195569856146991,
                  -0.00055461688645658421,
                  9.9986314510489898,
                  0.00018060314213396342,
                  0.0026195569856146991,
                  0.00018060314213396342,
                  9.9804090787189672
               ],
               "inverse_covariance_input" : [],
               "mean" : [ 0.37276200652122499, 0.44733515381813049, 0.39071575403213499 ],
               "output_covariance" : []
            }
         ],
         "label" : "4",
         "mixture_coeffs" : [ 0.33351302146911621, 0.33363169431686401, 0.33285528421401978 ],
         "parameters" : {
            "absolute_regularization" : 0.10000000149011612,
            "covariance_mode" : 0,
            "gaussians" : 3,
            "relative_regularization" : 0.10000000149011612
         }
      },
      {
         "components" : [
            {
               "bimodal" : false,
               "covariance" : [
                  0.10002154013478211,
                  -9.7328298780515381e-06,
                  -3.8281204242593963e-05,
                  -9.7328298780515381e-06,
                  0.10000847095163903,
                  1.9889637340371443e-05,
                  -3.8281204242593963e-05,
                  1.9889637340371443e-05,
                  0.10016505033126628
               ],
               "covariance_determinant" : 0.0010019509321881361,
               "covariance_determinant_input" : 0,
               "covariance_mode" : 0,
               "dimension" : 3,
               "dimension_input" : 0,
               "inverse_covariance" : [
                  9.9978480073366267,
                  0.00097223123811459743,
                  0.0038207970041728746,
                  0.00097223123811459753,
                  9.9991534660096715,
                  -0.001985146688485066,
                  0.0038207970041728746,
                  -0.001985146688485066,
                  9.9835240180217877
               ],
               "inverse_covariance_input" : [],
               "mean" : [ 0.34697630405426022, 0.69211543401082365, 0.45511390368143712 ],
               "output_covariance" : []
            },
            {
               "bimodal" : false,
               "covariance" : [
                  0.10002154013478211,
                  -9.7328298780515398e-06,
                  -3.8281204242593963e-05,
                  -9.7328298780515398e-06,
                  0.10000847095163903,
                  1.9889637340371443e-05,
                  -3.8281204242593963e-05,
                  1.9889637340371443e-05,
                  0.10016505033126628
               ],
               "covariance_determinant" : 0.0010019509321881361,
               "covariance_determinant_input" : 0,
               "covariance_mode" : 0,
               "dimension" : 3,
               "dimension_input" : 0,
               "inverse_covariance" : [
                  9.9978480073366267,
                  0.00097223123811459764,
                  0.0038207970041728746,
                  0.00097223123811459775,
                  9.9991534660096715,
                  -0.001985146688485066,
                  0.0038207970041728746,
                  -0.001985146688485066,
                  9.9835240180217877
               ],
               "inverse_covariance_input" : [],
               "mean" : [ 0.34697630405426033, 0.69211543401082343, 0.45511390368143717 ],
               "output_covariance" : []
            },
            {
               "bimodal" : false,
               "covariance" : [
                  0.10002154013478211,
                  -9.7328298780515381e-06,
                  -3.8281204242593956e-05,
                  -9.7328298780515381e-06,
                  0.10000847095163903,
                  1.9889637340371436e-05,
                  -3.8281204242593956e-05,
                  1.9889637340371436e-05,
                  0.10016505033126628
               ],
               "covariance_determinant" : 0.0010019509321881361,
               "covariance_determinant_input" : 0,
               "covariance_mode" : 0,
               "dimension" : 3,
               "dimension_input" : 0,
               "inverse_covariance" : [
                  9.9978480073366267,
                  0.00097223123811459743,
                  0.0038207970041728733,
                  0.00097223123811459753,
                  9.9991534660096715,
                  -0.0019851466884850655,
                  0.0038207970041728742,
                  -0.0019851466884850651,
                  9.9835240180217877
               ],
               "inverse_covariance_input" : [],
               "mean" : [ 0.34697630405426028, 0.69211543401082354, 0.45511390368143712 ],
               "output_covariance" : []
            }
         ],
         "label" : "5",
         "mixture_coeffs" : [ 0.33376449346542358, 0.33348169922828674, 0.33275377750396729 ],
         "parameters" : {
            "absolute_regularization" : 0.10000000149011612,
            "covariance_mode" : 0,
            "gaussians" : 3,
            "relative_regularization" : 0.10000000149011612
         }
      },
      {
         "components" : [
            {
               "bimodal" : false,
               "covariance" : [
                  0.10005309616694312,
                  -1.5246572827464103e-06,
                  6.7857399914414719e-05,
                  -1.5246572827464103e-06,
                  0.10001315563762628,
                  -2.1799850263089004e-05,
                  6.7857399914414719e-05,
                  -2.1799850263089004e-05,
                  0.10034759348460609
               ],
               "covariance_determinant" : 0.0010041403175549237,
               "covariance_determinant_input" : 0,
               "covariance_mode" : 0,
               "dimension" : 3,
               "dimension_input" : 0,
               "inverse_covariance" : [
                  9.9946977870996072,
                  0.00015089166863048163,
                  -0.0067586166423731255,
                  0.00015089166863048163,
                  9.9986850850261977,
                  0.0021720460949418456,
                  -0.0067586166423731246,
                  0.002172046094941846,
                  9.9653660964558952
               ],
               "inverse_covariance_input" : [],
               "mean" : [ 0.47722409665584564, 0.4848448567920261, 0.11278552479214138 ],
               "output_covariance" : []
            },
            {
               "bimodal" : false,
               "covariance" : [
                  0.10005309616694312,
                  -1.5246572827464099e-06,
                  6.7857399914414732e-05,
                  -1.5246572827464099e-06,
                  0.10001315563762628,
                  -2.1799850263089007e-05,
                  6.7857399914414732e-05,
                  -2.1799850263089007e-05,
                  0.10034759348460609
               ],
               "covariance_determinant" : 0.0010041403175549237,
               "covariance_determinant_input" : 0,
               "covariance_mode" : 0,
               "dimension" : 3,
               "dimension_input" : 0,
               "inverse_covariance" : [
                  9.9946977870996072,
                  0.00015089166863048158,
                  -0.0067586166423731263,
                  0.00015089166863048158,
                  9.9986850850261977,
                  0.002172046094941846,
                  -0.0067586166423731263,
                  0.002172046094941846,
                  9.9653660964558952
               ],
               "inverse_covariance_input" : [],
               "mean" : [ 0.47722409665584564, 0.4848448567920261, 0.11278552479214138 ],
               "output_covariance" : []
            },
            {
               "bimodal" : false,
               "covariance" : [
                  0.10005309616694312,
                  -1.5246572827464084e-06,
                  6.7857399914414732e-05,
                  -1.5246572827464084e-06,
                  0.10001315563762628,
                  -2.1799850263089004e-05,
                  6.7857399914414732e-05,
                  -2.1799850263089004e-05,
                  0.10034759348460609
               ],
               "covariance_determinant" : 0.0010041403175549237,
               "covariance_determinant_input" : 0,
               "covariance_mode" : 0,
               "dimension" : 3,
               "dimension_input" : 0,
               "inverse_covariance" : [
                  9.9946977870996072,
                  0.00015089166863048144,
                  -0.0067586166423731263,
                  0.00015089166863048144,
                  9.9986850850261977,
                  0.0021720460949418456,
                  -0.0067586166423731263,
                  0.002172046094941846,
                  9.9653660964558952
               ],
               "inverse_covariance_input" : [],
               "mean" : [ 0.47722409665584564, 0.4848448567920261, 0.11278552479214138 ],
               "output_covariance" : []
            }
         ],
         "label" : "6",
         "mixture_coeffs" : [ 0.33267244696617126, 0.33373677730560303, 0.33359077572822571 ],
         "parameters" : {
            "absolute_regularization" : 0.10000000149011612,
            "covariance_mode" : 0,
            "gaussians" : 3,
            "relative_regularization" : 0.10000000149011612
         }
      }
   ],
   "shared_parameters" : {
      "bimodal" : false,
      "column_names" : [ "", "", "" ],
      "dimension" : 3,
      "dimension_input" : 0,
      "em_algorithm_max_iterations" : 0,
      "em_algorithm_min_iterations" : 10,
      "em_algorithm_percent_chg" : 0.0099999997764825821,
      "likelihood_window" : 1
   }
}
