{
   "configuration" : {
      "default_parameters" : {
         "absolute_regularization" : 0.10000000000000001,
         "covariance_mode" : 0,
         "gaussians" : 3,
         "relative_regularization" : 0.10000000000000001
      },
      "multiClass_regression_estimator" : 0,
      "multithreading" : 2
   },
   "models" : [
      {
         "components" : [
            {
               "bimodal" : false,
               "covariance" : [
                  0.13767962586778523,
                  -0.0026828682045188018,
                  -0.0046510605539698312,
                  -0.0026828682045188018,
                  0.10086750307207459,
                  0.0002414740663499762,
                  -0.0046510605539698312,
                  0.0002414740663499762,
                  0.16625884773496749
               ],
               "covariance_determinant" : 0.0023055224369715904,
               "covariance_determinant_input" : 0,
               "covariance_mode" : 0,
               "dimension" : 3,
               "dimension_input" : 0,
               "inverse_covariance" : [
                  7.2738639433801984,
                  0.19298335972288463,
                  0.20320471148245162,
                  0.19298335972288463,
                  9.9191503072604892,
                  -0.0090078831163229837,
                  0.20320471148245164,
                  -0.009007883116322982,
                  6.0204151912788904
               ],
               "inverse_covariance_input" : [],
               "mean" : [ -1.0003232706795497, -0.063410675151703982, 0.0089565427985248657 ],
               "output_covariance" : []
            },
            {
               "bimodal" : false,
               "covariance" : [
                  0.13768052569835326,
                  -0.0026824077546560776,
                  -0.0046411303873944484,
                  -0.0026824077546560776,
                  0.10086752899512735,
                  0.00024062956202240297,
                  -0.0046411303873944484,
                  0.00024062956202240297,
                  0.16625063935195133
               ],
               "covariance_determinant" : 0.0023054339244151937,
               "covariance_determinant_input" : 0,
               "covariance_mode" : 0,
               "dimension" : 3,
               "dimension_input" : 0,
               "inverse_covariance" : [
                  7.2737861211784889,
                  0.19295075271117837,
                  0.20277913080336676,
                  0.19295075271117837,
                  9.9191458450460601,
                  -0.0089703722311356374,
                  0.20277913080336679,
                  -0.0089703722311356374,
                  6.0206883223086614
               ],
               "inverse_covariance_input" : [],
               "mean" : [ -1.000315052020827, -0.063411679286372341, 0.0088822037425337098 ],
               "output_covariance" : []
            },
            {
               "bimodal" : false,
               "covariance" : [
                  0.13767811324273244,
                  -0.0026839820436237874,
                  -0.0046748780424994878,
                  -0.0026839820436237874,
                  0.10086743237056446,
                  0.00024369818157723197,
                  -0.0046748780424994878,
                  0.00024369818157723197,
                  0.16628214899703464
               ],
               "covariance_determinant" : 0.0023057954176724763,
               "covariance_determinant_input" : 0,
               "covariance_mode" : 0,
               "dimension" : 3,
               "dimension_input" : 0,
               "inverse_covariance" : [
                  7.274016550226845,
                  0.19306094521365547,
                  0.20421970641452789,
                  0.19306094521365547,
                  9.9191618995554638,
                  -0.0091094886203047943,
                  0.20421970641452789,
                  -0.009109488620304796,
                  6.0196294564669417
               ],
               "inverse_covariance_input" : [],
               "mean" : [ -1.0003554948057645, -0.063407388371200135, 0.0091407971177207784 ],
               "output_covariance" : []
            }
         ],
         "label" : "1",
         "mixture_coeffs" : [ 0.43412578105926514, 0.28204488754272461, 0.28382933139801025 ],
         "parameters" : {
            "absolute_regularization" : 0.10000000000000001,
            "covariance_mode" : 0,
            "gaussians" : 3,
            "relative_regularization" : 0.10000000000000001
         }
      },
      {
         "components" : [
            {
               "bimodal" : false,
               "covariance" : [
                  0.11424422524857342,
                  0.0030551447160515979,
                  -0.0081083234613271299,
                  0.0030551447160515979,
                  0.11675282581534098,
                  0.020564750821285244,
                  -0.0081083234613271299,
                  0.020564750821285244,
                  0.16689668956039616
               ],
               "covariance_determinant" : 0.0021675566694360363,
               "covariance_determinant_input" : 0,
               "covariance_mode" : 0,
               "dimension" : 3,
               "dimension_input" : 0,
               "inverse_covariance" : [
                  8.7945802838087932,
                  -0.31216678222930727,
                  0.46573082991458387,
                  -0.31216678222930727,
                  8.7662012965822207,
                  -1.0953236702246545,
                  0.46573082991458387,
                  -1.0953236702246545,
                  6.1493212194019584
               ],
               "inverse_covariance_input" : [],
               "mean" : [ -0.65531125555454972, 0.67031650917556262, 1.2381248086748666 ],
               "output_covariance" : []
            },
            {
               "bimodal" : false,
               "covariance" : [
                  0.11426026795244475,
                  0.003040464789585869,
                  -0.008161017132875625,
                  0.003040464789585869,
                  0.11667883690632122,
                  0.020416215878497502,
                  -0.008161017132875625,
                  0.020416215878497502,
                  0.16660608636813112
               ],
               "covariance_determinant" : 0.0021632009427867216,
               "covariance_determinant_input" : 0,
               "covariance_mode" : 0,
               "dimension" : 3,
               "dimension_input" : 0,
               "inverse_covariance" : [
                  8.7937195902127225,
                  -0.31119486571538607,
                  0.46888513798676107,
                  -0.31119486571538607,
                  8.7693443059663263,
                  -1.0898551010497777,
                  0.46888513798676107,
                  -1.0898551010497777,
                  6.158702356146609
               ],
               "inverse_covariance_input" : [],
               "mean" : [ -0.65530497875712546, 0.67058456078780682, 1.2387787604705787 ],
               "output_covariance" : []
            },
            {
               "bimodal" : false,
               "covariance" : [
                  0.11425828915268287,
                  0.0030422681291262261,
                  -0.0081545327904706567,
                  0.0030422681291262261,
                  0.11668793327164019,
                  0.020434480840946376,
                  -0.0081545327904706567,
                  0.020434480840946376,
                  0.16664183684291228
               ],
               "covariance_determinant" : 0.0021637367328057561,
               "covariance_determinant_input" : 0,
               "covariance_mode" : 0,
               "dimension" : 3,
               "dimension_input" : 0,
               "inverse_covariance" : [
                  8.7938256267789878,
                  -0.31131458049728328,
                  0.46849634363742904,
                  -0.31131458049728322,
                  8.768957186994399,
                  -1.0905287413438765,
                  0.46849634363742904,
                  -1.0905287413438767,
                  6.157545889482571
               ],
               "inverse_covariance_input" : [],
               "mean" : [ -0.65530571674790783, 0.67055160410810044, 1.2386982862267852 ],
               "output_covariance" : []
            }
         ],
         "label" : "2",
         "mixture_coeffs" : [ 0.063839718699455261, 0.5080915093421936, 0.42806875705718994 ],
         "parameters" : {
            "absolute_regularization" : 0.10000000000000001,
            "covariance_mode" : 0,
            "gaussians" : 3,
            "relative_regularization" : 0.10000000000000001
         }
      },
      {
         "components" : [
            {
               "bimodal" : false,
               "covariance" : [
                  0.1121953070909797,
                  -0.0077581408392143388,
                  0.0015776474784171914,
                  -0.0077581408392143388,
                  0.11151202721386298,
                  0.0049269669638830425,
                  0.0015776474784171914,
                  0.0049269669638830425,
                  0.10740578640376484
               ],
               "covariance_determinant" : 0.0013341810216015372,
               "covariance_determinant_input" : 0,
               "covariance_mode" : 0,
               "dimension" : 3,
               "dimension_input" : 0,
               "inverse_covariance" : [
                  8.9588757293008214,
                  0.63038090128445734,
                  -0.16051103163350108,
                  0.63038090128445745,
                  9.0302110600330643,
                  -0.42349739182612189,
                  -0.16051103163350103,
                  -0.42349739182612189,
                  9.3322698994548592
               ],
               "inverse_covariance_input" : [],
               "mean" : [ -1.464358510900603, 0.95043311975025524, 0.36505333036682169 ],
               "output_covariance" : []
            },
            {
               "bimodal" : false,
               "covariance" : [
                  0.11219530710258194,
                  -0.0077581407472412187,
                  0.0015776476178662421,
                  -0.0077581407472412187,
                  0.11151202711300894,
                  0.0049269668720670337,
                  0.0015776476178662421,
                  0.0049269668720670337,
                  0.10740578636638205
               ],
               "covariance_determinant" : 0.001334181020258418,
               "covariance_determinant_input" : 0,
               "covariance_mode" : 0,
               "dimension" : 3,
               "dimension_input" : 0,
               "inverse_covariance" : [
                  8.9588757277542879,
                  0.63038089470395431,
                  -0.16051104245755662,
                  0.63038089470395442,
                  9.0302110665843607,
                  -0.42349738527634367,
                  -0.16051104245755662,
                  -0.42349738527634356,
                  9.3322699024078819
               ],
               "inverse_covariance_input" : [],
               "mean" : [ -1.4643585144466424, 0.95043312355233334, 0.36505333142253937 ],
               "output_covariance" : []
            },
            {
               "bimodal" : false,
               "covariance" : [
                  0.11219530709914717,
                  -0.007758140769985742,
                  0.0015776475829805804,
                  -0.007758140769985742,
                  0.11151202713819905,
                  0.0049269668951430765,
                  0.0015776475829805804,
                  0.0049269668951430765,
                  0.10740578637587499
               ],
               "covariance_determinant" : 0.0013341810205896546,
               "covariance_determinant_input" : 0,
               "covariance_mode" : 0,
               "dimension" : 3,
               "dimension_input" : 0,
               "inverse_covariance" : [
                  8.9588757281809492,
                  0.63038089633211514,
                  -0.160511039749897,
                  0.63038089633211514,
                  9.0302110649467195,
                  -0.42349738692309014,
                  -0.16051103974989697,
                  -0.42349738692309014,
                  9.332269901657682
               ],
               "inverse_covariance_input" : [],
               "mean" : [ -1.4643585135534998, 0.95043312260371704, 0.36505333116642236 ],
               "output_covariance" : []
            }
         ],
         "label" : "3",
         "mixture_coeffs" : [ 0.33842992782592773, 0.32751619815826416, 0.33405384421348572 ],
         "parameters" : {
            "absolute_regularization" : 0.10000000000000001,
            "covariance_mode" : 0,
            "gaussians" : 3,
            "relative_regularization" : 0.10000000000000001
         }
      }
   ],
   "shared_parameters" : {
      "bimodal" : false,
      "column_names" : [ "", "", "" ],
      "dimension" : 3,
      "dimension_input" : 0,
      "em_algorithm_max_iterations" : 0,
      "em_algorithm_min_iterations" : 10,
      "em_algorithm_percent_chg" : 0.01,
      "likelihood_window" : 1
   }
}
